Fp1 -0.308829 0.950477 -0.034899
Fpz 0.000000 0.999391 -0.034899
Fp2 0.308829 0.950477 -0.034899
Nz 0.000000 0.927184 -0.374607
NAS 0.000000 0.927184 -0.374607
Chin 0.000000 0.422618 -0.906308
LO1 -0.590807 0.656158 -0.469472
LO2 0.590807 0.656158 -0.469472
SO1 -0.408218 0.875426 -0.258819
SO2 0.408218 0.875426 -0.258819
IO1 -0.371887 0.729870 -0.573576
IO2 0.371887 0.729870 -0.573576
AF9 -0.618100 0.662832 -0.422618
AF7 -0.615286 0.787531 -0.034899
AF5 -0.511199 0.850778 0.121869
AF3 -0.375595 0.884846 0.275637
AF1 -0.196584 0.924857 0.325568
AFz 0.000000 0.933580 0.358368
AF2 0.196584 0.924857 0.325568
AF4 0.375595 0.884846 0.275637
AF6 0.511199 0.850778 0.121869
AF8 0.615286 0.787531 -0.034899
AF10 0.618100 0.662832 -0.422618
F9 -0.742404 0.519837 -0.422618
F7 -0.808524 0.587427 -0.034899
F5 -0.728993 0.633704 0.258819
F3 -0.545007 0.673028 0.500000
F1 -0.286965 0.710264 0.642788
Fz 0.000000 0.719340 0.694658
F2 0.286965 0.710264 0.642788
F4 0.545007 0.673028 0.500000
F6 0.728993 0.633704 0.258819
F8 0.808524 0.587427 -0.034899
F10 0.742404 0.519837 -0.422618
FT9 -0.861950 0.280065 -0.422618
FT7 -0.950477 0.308829 -0.034899
FC5 -0.882718 0.338844 0.325568
FC3 -0.676377 0.359636 0.642788
FC1 -0.374710 0.374710 0.848048
FCz 0.000000 0.390731 0.920505
FC2 0.374710 0.374710 0.848048
FC4 0.676377 0.359636 0.642788
FC6 0.882718 0.338844 0.325568
FT8 0.950477 0.308829 -0.034899
FT10 0.861950 0.280065 -0.422618
T9 -0.906308 0.000000 -0.422618
LPA -0.906308 0.000000 -0.422618
T7 -0.999391 0.000000 -0.034899
C5 -0.933580 0.000000 0.358368
C3 -0.719340 0.000000 0.694658
C1 -0.390731 0.000000 0.920505
Cz 0.000000 0.000000 1.000000
C2 0.390731 0.000000 0.920505
C4 0.719340 0.000000 0.694658
C6 0.933580 0.000000 0.358368
T8 0.999391 0.000000 -0.034899
T10 0.906308 0.000000 -0.422618
RPA 0.906308 0.000000 -0.422618
TP9 -0.861950 -0.280065 -0.422618
TP7 -0.950477 -0.308829 -0.034899
CP5 -0.882718 -0.338844 0.325568
CP3 -0.676377 -0.359636 0.642788
CP1 -0.374710 -0.374710 0.848048
CPz 0.000000 -0.390731 0.920505
CP2 0.374710 -0.374710 0.848048
CP4 0.676377 -0.359636 0.642788
CP6 0.882718 -0.338844 0.325568
TP8 0.950477 -0.308829 -0.034899
TP10 0.861950 -0.280065 -0.422618
P9 -0.733218 -0.532714 -0.422618
P7 -0.808524 -0.587427 -0.034899
P5 -0.728993 -0.633704 0.258819
P3 -0.545007 -0.673028 0.500000
P1 -0.286965 -0.710264 0.642788
Pz 0.000000 -0.719340 0.694658
P2 0.286965 -0.710264 0.642788
P4 0.545007 -0.673028 0.500000
P6 0.728993 -0.633704 0.258819
P8 0.808524 -0.587427 -0.034899
P10 0.733218 -0.532714 -0.422618
PO9 -0.532714 -0.733218 -0.422618
PO7 -0.587427 -0.808524 -0.034899
PO5 -0.511199 -0.850778 0.121869
PO3 -0.375595 -0.884846 0.275637
PO1 -0.196584 -0.924857 0.325568
POz 0.000000 -0.933580 0.358368
PO2 0.196584 -0.924857 0.325568
PO4 0.375595 -0.884846 0.275637
PO6 0.511199 -0.850778 0.121869
PO8 0.587427 -0.808524 -0.034899
PO10 0.532714 -0.733218 -0.422618
O1 -0.308829 -0.950477 -0.034899
Oz 0.000000 -0.999391 -0.034899
O2 0.308829 -0.950477 -0.034899
O9 -0.280065 -0.861950 -0.422618
O10 0.280065 -0.861950 -0.422618
CB1 -0.541675 -0.541675 -0.642788
CB2 0.541675 -0.541675 -0.642788
Iz 0.000000 -0.906308 -0.422618
Neck 0.000000 -0.500000 -0.866025
SP1 -0.519837 0.242404 -0.819152
SP2 0.519837 0.242404 -0.819152
M1 -0.784886 -0.365998 -0.500000
M2 0.784886 -0.365998 -0.500000
T3 -0.999391 0.000000 -0.034899
T4 0.999391 0.000000 -0.034899
T5 -0.808524 -0.587427 -0.034899
T6 0.808524 -0.587427 -0.034899
A1 -0.845982 -0.059157 -0.529919
A2 0.845982 -0.059157 -0.529919
T1 -0.893701 0.325280 -0.309017
T2 0.893701 0.325280 -0.309017
